1 2 3:32:9 18 5
1:2:2
4 5 6 7:107:77 15 8 7
1 8:15:7 8
9 10:88:40 48
11 6 12 13 14 15 16:238:24 24 10 42 40 63 35
1 3 7:10:5 4 1
17 18:28:16 12
11 6 19 20 21 22 23 24:259:30 36 3 56 56 36 30 12
1 25 3:7:1 5 1
26 3:27:24 3
11 27 6 3 28 7 29 30 31 32 33 34 35 36 37:226:18 10 8 7 4 1 10 36 4 3 8 70 4 27 16
6 2 38:52:32 10 10
39 11 27 1 40 6 41 42 43 44 45 46 47 3 48 7 49 50 51:334:14 60 6 10 48 12 16 35 2 18 20 28 20 1 12 9 7 12 4
52 6 3 53:46:14 16 4 12
54 1 6 55:88:24 9 28 27
11 6 56 57 58 59 60 61 62 63 64:195:12 8 20 40 27 8 6 12 12 49 1
3:3:3
1 65 66 67 68 3:44:6 6 3 16 6 7
69 11 1 6:121:30 48 7 36
